                                                          Cloudy 13.03
                                                         www.nublado.org

                       **************************************13Feb20**************************************
                       *                                                                                 *
                       * c                                                                               *
                       * phi(h) 22.000000 LOG range -0.000232 6.866524                                   *
                       * grid from 8 to 23 in 1 dex steps                                                *
                       * HDEN=7.000000 LOG                                                               *
                       * grid from 0 to 12 in 1 dex steps                                                *
                       * set pres ionize 1e5                                                             *
                       * c                                                                               *
                       * c                                                                               *
                       * table star "inst_padova_agbtrack_z.mod" age 6.78                                *
                       * c<< inst_padova_ model    4 read.       Age =    6010000.00                 >>> *
                       * c<< inst_padova_ model    5 read.       Age =    8010000.00                 >>> *
                       * c<< FINAL:     Age =    6025595.86                                          >>> *
                       * c                                                                               *
                       * c                                                                               *
                       * abundances GASS10                                                               *
                       * c                                                                               *
                       * c                                                                               *
                       * iterate to convergence max = 7                                                  *
                       * stop column density = 23                                                        *
                       * c                                                                               *
                       * c                                                                               *
                       * print last                                                                      *
                       * set save prefix "padova_inst_6"                                                 *
                       * save grid ".grd" last no hash                                                   *
                       * save linelist "emissionlines_abs.txt" "LineList_HII.dat" absolute last no hash    *
                       *                                                                                 *
                       ***********************************************************************************



 NOTE Setcon: continuum has zero intensity starting at  1.0074e+01 Ryd.
     1 cells in the incident continuum have zero intensity.  Problems???

           4147CellPeak1.00E+00   Lo 1.00e-08=910.79cm   Hi-Con:1.01E+01 Ryd   E(hi):7.35E+06Ryd     E(hi):     100.01 MeV
           I(nu>1ryd):  11.4461   Average nu:1.281E+00   I( X-ray):   0.0000   I(BalC):  12.9565     Phi(BalmrC):  23.8871
           phi(1.0-1.8):21.9816   phi(1.8-4.0): 20.585   phi(4.0-20): 19.470   phi(20--):  0.000     Ion pht flx:1.000E+22
           I(gam ray):   0.0000   phi(gam r):   0.0000   I(Infred):  12.3045   Alf(ox):   0.0000     Total inten:  13.0547
           U(1.0----):3.336E+04   U(4.0----):9.850E+01   T(En-Den):1.495E+04   T(Comp):2.276E+05     nuJnu(912A):1.914E+12
           Occ(FarIR):3.947E+11   Occ(H n=6):4.632E+00   Occ(1Ryd):8.799E-05   Occ(4R):1.016E-09     Occ (Nu-hi):0.000E+00
           Tbr(FarIR):6.254E+08   Tbr(H n=6):2.030E+04   Tbr(1Ryd):1.391E+01   Tbr(4R):6.421E-04     Tbr (Nu-hi):0.000E+00
  
                                                  Gas Phase Chemical Composition
        H :  0.0000  He: -1.0701  Li:-10.9508  Be:-10.6198  B : -9.3002  C : -3.5702  N : -4.1701  O : -3.3098  F : -7.4401
        Ne: -4.0701  Na: -5.7595  Mg: -4.4001  Al: -5.5498  Si: -4.4895  P : -6.5901  S : -4.8794  Cl: -6.5003  Ar: -5.6003
        K : -6.9706  Ca: -5.6596  Sc: -8.8508  Ti: -7.0501  V : -8.0701  Cr: -6.3595  Mn: -6.5702  Fe: -4.5003  Co: -7.0101
                                               Ni: -5.7799  Cu: -7.8097  Zn: -7.4401
 
 ####  1  Te:7.022E+04 Hden:1.000E+07 Ne:1.175E+07 R:1.000E+30 R-R0:1.149E+08 dR:2.298E+08 NTR: 16 Htot:1.811E-08 T912: 8.06e-14###
 Hydrogen      7.08e-12 1.00e+00 H+o/Hden 1.00e+00 1.58e-26 H-    H2 1.31e-37 4.61e-27 H2+ HeH+ 1.11e-32 Ho+ ColD 1.63e+04 2.30e+15
 Helium        9.32e-17 2.25e-07 1.00e+00 HeI 2s3S 8.16e-21 Comp H,C 1.36e-08 4.20e-09 Fill Fac 1.00e+00 Gam1/tot 1.00e+00
 He singlet n  9.28e-17 7.03e-22 5.53e-22 9.55e-23 2.01e-22 2.68e-22 He tripl 8.16e-21 8.69e-21 5.09e-22 1.01e-21 1.42e-21
 Pressure      NgasTgas 1.59e+12 P(total) 2.19e-04 P( gas ) 2.19e-04 P(Radtn) 0.00e+00 Rad accl 3.90e+03 ForceMul 2.99e+01
 Texc(La)      1.74e+04 T(I con) 1.50e+04 T(D con) 6.86e+00 T(U tot) 1.50e+04 nT (c+d) 3.61e+09 Prad/Gas 0.00e+00 Pmag/Gas 0.00e+00
 Molecules     CH/Ctot: 8.76e-57 CH+/Ctot 2.33e-45 CO/Ctot: 1.31e-79 CO+/Ctot 1.74e-61 H2O/Otot 1.06e-94 OH/Ototl 1.07e-59
 Lithium       3.13e-23 4.31e-11 1.35e-04 1.00e+00 Berylliu 4.01e-19 1.12e-09 1.00e+00 0.00e+00 0.00e+00 sec ion: 4.34e-11
 Boron         8.64e-25 2.88e-14 9.09e-08 1.00e+00 0.00e+00 0.00e+00
 Carbon        5.14e-29 1.24e-18 1.08e-11 3.25e-06 1.00e+00 0.00e+00 0.00e+00 H2O+/O   1.39e-87 OH+/Otot 1.71e-59 Hex(tot) 0.00e+00
 Nitrogen      8.79e-32 2.18e-22 3.99e-15 2.37e-09 5.12e-05 1.00e+00 0.00e+00 0.00e+00 O2/Ototl 8.30e-79 O2+/Otot 2.37e-72
 Oxygen        1.09e-30 2.07e-21 3.85e-14 2.51e-08 1.02e-03 9.99e-01 0.00e+00 0.00e+00 0.00e+00
 Fluorine      8.87e-31 1.32e-21 2.34e-14 1.35e-08 7.57e-04 9.99e-01 0.00e+00 0.00e+00 0.00e+00 0.00e+00
 Neon          9.37e-31 1.44e-21 4.51e-14 2.86e-08 1.36e-03 9.99e-01 0.00e+00 0.00e+00 0.00e+00 0.00e+00 0.00e+00
 Sodium        4.41e-30 2.41e-19 1.52e-11 2.22e-05 1.00e+00 0.00e+00 0.00e+00 0.00e+00 0.00e+00 0.00e+00 0.00e+00 0.00e+00
 Magnesium     2.42e-30 2.72e-21 4.69e-12 1.48e-05 1.00e+00 0.00e+00 0.00e+00 0.00e+00 0.00e+00 0.00e+00 0.00e+00 0.00e+00 0.00e+00
 Aluminium  0  2.92e-29 8.42e-19 1.19e-12 1.82e-05 1.00e+00 0.00e+00 0.00e+00 0.00e+00 0.00e+00 0.00e+00 0.00e+00 0.00e+00 0.00e+00
 Silicon    0  5.23e-30 3.69e-19 4.55e-12 6.40e-07 1.00e+00 0.00e+00 0.00e+00 0.00e+00 0.00e+00 0.00e+00 0.00e+00 0.00e+00 0.00e+00
 Phosphorus 0  0.00e+00 4.80e-22 2.49e-15 5.74e-10 9.75e-06 1.00e+00 0.00e+00 0.00e+00 0.00e+00 0.00e+00 0.00e+00 0.00e+00 0.00e+00
 Sulphur    0  0.00e+00 1.17e-26 1.87e-18 4.80e-13 1.81e-08 5.95e-05 1.00e+00 0.00e+00 0.00e+00 0.00e+00 0.00e+00 0.00e+00 0.00e+00
 Chlorine   0  0.00e+00 3.59e-29 3.20e-21 6.15e-15 1.91e-10 1.08e-06 6.89e-04 9.99e-01 0.00e+00 0.00e+00 0.00e+00 0.00e+00 0.00e+00
 Argon      0  0.00e+00 3.78e-29 1.11e-20 1.81e-14 3.02e-09 2.89e-05 2.75e-02 9.73e-01 0.00e+00 0.00e+00 0.00e+00 0.00e+00 0.00e+00
 Potassium  0  0.00e+00 1.49e-28 4.05e-21 4.58e-15 7.34e-10 2.02e-05 1.81e-02 9.82e-01 0.00e+00 0.00e+00 0.00e+00 0.00e+00 0.00e+00
 Calcium    0  0.00e+00 4.79e-30 4.19e-21 5.95e-15 5.32e-10 1.51e-05 2.61e-02 9.74e-01 0.00e+00 0.00e+00 0.00e+00 0.00e+00 0.00e+00
 Scandium   0  0.00e+00 2.86e-30 2.37e-20 5.14e-13 4.32e-08 7.26e-04 9.99e-01 0.00e+00 0.00e+00 0.00e+00 0.00e+00 0.00e+00 0.00e+00
 Titanium   0  0.00e+00 2.40e-30 5.49e-21 2.72e-13 1.77e-07 1.75e-03 9.98e-01 0.00e+00 0.00e+00 0.00e+00 0.00e+00 0.00e+00 0.00e+00
 Vanadium   0  0.00e+00 7.27e-32 4.86e-22 1.63e-14 5.28e-08 5.40e-03 9.95e-01 0.00e+00 0.00e+00 0.00e+00 0.00e+00 0.00e+00 0.00e+00
 Chromium   0  0.00e+00 1.92e-33 9.05e-24 3.71e-16 8.03e-10 1.85e-04 1.00e+00 0.00e+00 0.00e+00 0.00e+00 0.00e+00 0.00e+00 0.00e+00
 Manganese  0  0.00e+00 0.00e+00 3.87e-26 1.67e-18 3.50e-12 7.69e-07 8.71e-03 9.91e-01 0.00e+00 0.00e+00 0.00e+00 0.00e+00 0.00e+00
 Iron       0  0.00e+00 0.00e+00 2.21e-27 8.63e-20 1.47e-13 4.46e-08 2.19e-03 9.98e-01 0.00e+00 0.00e+00 0.00e+00 0.00e+00 0.00e+00
 Cobalt     0  0.00e+00 0.00e+00 2.77e-27 1.58e-19 5.09e-13 1.49e-07 2.21e-03 9.98e-01 0.00e+00 0.00e+00 0.00e+00 0.00e+00 0.00e+00
 Nickel     0  0.00e+00 0.00e+00 4.42e-27 2.23e-19 5.81e-13 2.52e-07 3.00e-03 9.97e-01 0.00e+00 0.00e+00 0.00e+00 0.00e+00 0.00e+00
 Copper     0  0.00e+00 0.00e+00 1.19e-24 5.44e-17 1.23e-10 4.70e-05 1.00e+00 0.00e+00 0.00e+00 0.00e+00 0.00e+00 0.00e+00 0.00e+00
 Zinc       0  0.00e+00 0.00e+00 1.59e-26 5.54e-19 1.09e-12 3.32e-07 5.37e-03 9.95e-01 0.00e+00 0.00e+00 0.00e+00 0.00e+00 0.00e+00
 ####120  Te:6.509E+04 Hden:1.000E+07 Ne:1.175E+07 R:1.000E+30 R-R0:9.970E+15 dR:6.001E+13 NTR:  6 Htot:1.592E-08 T912: 3.71e-06###
 P(Lines):(O  6  1032A 0.24) (O  6  1038A 0.22) 
 Hydrogen      8.41e-12 1.00e+00 H+o/Hden 1.00e+00 2.00e-26 H-    H2 1.84e-37 5.93e-27 H2+ HeH+ 1.67e-32 Ho+ ColD 7.41e+11 1.00e+23
 Helium        1.24e-16 2.64e-07 1.00e+00 HeI 2s3S 1.15e-20 Comp H,C 1.17e-08 3.60e-09 Fill Fac 1.00e+00 Gam1/tot 1.00e+00
 He singlet n  1.24e-16 9.20e-22 6.84e-22 1.17e-22 2.49e-22 3.26e-22 He tripl 1.15e-20 1.18e-20 6.52e-22 1.32e-21 1.82e-21
 Pressure      NgasTgas 1.47e+12 P(total) 9.63e-02 P( gas ) 2.03e-04 P(Radtn) 9.61e-02 Rad accl 1.23e+02 ForceMul 1.02e+00
 Texc(La)      1.72e+04 T(I con) 1.47e+04 T(D con) 7.80e+02 T(U tot) 1.47e+04 nT (c+d) 3.73e+09 Prad/Gas 9.98e-01 Pmag/Gas 0.00e+00
 Molecules     CH/Ctot: 1.65e-56 CH+/Ctot 4.20e-45 CO/Ctot: 2.67e-79 CO+/Ctot 3.00e-61 H2O/Otot 2.43e-94 OH/Ototl 1.79e-59
 Lithium       5.50e-23 6.56e-11 1.76e-04 1.00e+00 Berylliu 5.38e-19 1.30e-09 1.00e+00 0.00e+00 0.00e+00 sec ion: 4.24e-11
 Boron         1.24e-24 3.82e-14 1.05e-07 1.00e+00 0.00e+00 0.00e+00
 Carbon        7.56e-29 1.74e-18 1.41e-11 3.79e-06 1.00e+00 0.00e+00 0.00e+00 H2O+/O   2.88e-87 OH+/Otot 2.88e-59 Hex(tot) 0.00e+00
 Nitrogen      1.30e-31 3.17e-22 5.71e-15 3.21e-09 6.24e-05 1.00e+00 0.00e+00 0.00e+00 O2/Ototl 1.28e-78 O2+/Otot 3.22e-72
 Oxygen        1.39e-30 2.60e-21 4.91e-14 3.15e-08 1.19e-03 9.99e-01 0.00e+00 0.00e+00 0.00e+00
 Fluorine      1.03e-30 1.61e-21 2.91e-14 1.68e-08 8.87e-04 9.99e-01 0.00e+00 0.00e+00 0.00e+00 0.00e+00
 Neon          1.02e-30 1.76e-21 5.93e-14 3.76e-08 1.65e-03 9.98e-01 0.00e+00 0.00e+00 0.00e+00 0.00e+00 0.00e+00
 Sodium        4.16e-30 2.48e-19 1.65e-11 2.43e-05 1.00e+00 0.00e+00 0.00e+00 0.00e+00 0.00e+00 0.00e+00 0.00e+00 0.00e+00
 Magnesium     3.96e-30 3.86e-21 5.67e-12 1.69e-05 1.00e+00 0.00e+00 0.00e+00 0.00e+00 0.00e+00 0.00e+00 0.00e+00 0.00e+00 0.00e+00
 Aluminium  0  5.26e-29 1.37e-18 1.70e-12 2.22e-05 1.00e+00 0.00e+00 0.00e+00 0.00e+00 0.00e+00 0.00e+00 0.00e+00 0.00e+00 0.00e+00
 Silicon    0  7.64e-30 5.14e-19 5.86e-12 7.49e-07 1.00e+00 0.00e+00 0.00e+00 0.00e+00 0.00e+00 0.00e+00 0.00e+00 0.00e+00 0.00e+00
 Phosphorus 0  0.00e+00 6.61e-22 3.32e-15 7.27e-10 1.14e-05 1.00e+00 0.00e+00 0.00e+00 0.00e+00 0.00e+00 0.00e+00 0.00e+00 0.00e+00
 Sulphur    0  0.00e+00 1.81e-26 2.54e-18 6.50e-13 2.31e-08 7.11e-05 1.00e+00 0.00e+00 0.00e+00 0.00e+00 0.00e+00 0.00e+00 0.00e+00
 Chlorine   0  0.00e+00 6.36e-29 5.07e-21 8.89e-15 2.76e-10 1.48e-06 8.63e-04 9.99e-01 0.00e+00 0.00e+00 0.00e+00 0.00e+00 0.00e+00
 Argon      0  0.00e+00 6.86e-29 1.82e-20 2.71e-14 4.09e-09 3.79e-05 3.22e-02 9.68e-01 0.00e+00 0.00e+00 0.00e+00 0.00e+00 0.00e+00
 Potassium  0  0.00e+00 2.94e-28 7.27e-21 7.46e-15 1.08e-09 2.65e-05 2.13e-02 9.79e-01 0.00e+00 0.00e+00 0.00e+00 0.00e+00 0.00e+00
 Calcium    0  0.00e+00 8.23e-30 8.44e-21 1.08e-14 8.66e-10 2.19e-05 3.20e-02 9.68e-01 0.00e+00 0.00e+00 0.00e+00 0.00e+00 0.00e+00
 Scandium   0  0.00e+00 4.40e-30 3.30e-20 7.79e-13 5.84e-08 8.59e-04 9.99e-01 0.00e+00 0.00e+00 0.00e+00 0.00e+00 0.00e+00 0.00e+00
 Titanium   0  0.00e+00 4.74e-30 9.51e-21 4.32e-13 2.49e-07 2.12e-03 9.98e-01 0.00e+00 0.00e+00 0.00e+00 0.00e+00 0.00e+00 0.00e+00
 Vanadium   0  0.00e+00 1.31e-31 7.70e-22 2.31e-14 6.77e-08 6.79e-03 9.93e-01 0.00e+00 0.00e+00 0.00e+00 0.00e+00 0.00e+00 0.00e+00
 Chromium   0  0.00e+00 3.24e-33 1.35e-23 4.98e-16 9.67e-10 2.01e-04 1.00e+00 0.00e+00 0.00e+00 0.00e+00 0.00e+00 0.00e+00 0.00e+00
 Manganese  0  0.00e+00 0.00e+00 7.64e-26 2.99e-18 5.62e-12 1.10e-06 1.09e-02 9.89e-01 0.00e+00 0.00e+00 0.00e+00 0.00e+00 0.00e+00
 Iron       0  0.00e+00 0.00e+00 3.74e-27 1.47e-19 2.40e-13 6.56e-08 2.73e-03 9.97e-01 0.00e+00 0.00e+00 0.00e+00 0.00e+00 0.00e+00
 Cobalt     0  0.00e+00 0.00e+00 5.46e-27 2.86e-19 8.34e-13 2.19e-07 2.80e-03 9.97e-01 0.00e+00 0.00e+00 0.00e+00 0.00e+00 0.00e+00
 Nickel     0  0.00e+00 0.00e+00 8.76e-27 4.05e-19 9.63e-13 3.77e-07 3.84e-03 9.96e-01 0.00e+00 0.00e+00 0.00e+00 0.00e+00 0.00e+00
 Copper     0  0.00e+00 0.00e+00 1.82e-24 7.66e-17 1.58e-10 5.44e-05 1.00e+00 0.00e+00 0.00e+00 0.00e+00 0.00e+00 0.00e+00 0.00e+00
 Zinc       0  0.00e+00 0.00e+00 3.29e-26 1.05e-18 1.88e-12 5.14e-07 7.13e-03 9.93e-01 0.00e+00 0.00e+00 0.00e+00 0.00e+00 0.00e+00
                                                                             
   Calculation stopped because H column dens reached. Iteration 3 of 3
   The geometry is plane-parallel.
 C-Continuum zero at some energies.
  !Continuum fluorescent production of H-beta was very important.
  !Photoionization of upper level of Mg II 2798 reached 54.7% of the total Mg+ photo rate.
  !The largest continuum brightness temperature was 6.254e+08K at 5.261e-07 Ryd.
  !AGE: Cloud age was not set.  Longest timescale was 1.62e+06 s = 1.88e+01 days.
  !Photoionization of upper level of [O III] 5007 reached 8.55e+03% of the radiative lifetime.
  !Photoionization of upper level of [O III] 4363 reached 1.87e+04% of the radiative lifetime.
  !Induced Compton heating was 9.05e-01 of the total Compton heating.
  !Free-free heating was 21.7% of the total.
  !The CMB was not included.  This is added with the CMB command.
  !The ratio of radiation to gas pressure reached 6.17e+00 at zone 2.  Caused by line number 88, label Level1 O  6 1031A
   Te-ne bounds of Case B lookup table exceeded, H I Case B line intensities set to zero.
   The density is too low to l-mix the lowest He I collapsed level.  More resolved levels are needed for accurate line ratios.
   The largest continuum occupation number was 3.947e+11 at 1.004e-08 Ryd.
   The continuum occupation number fell below 1 at 1.356e+00 microns.
   The continuum brightness temperature fell below 10000K at 1.303e+00 microns.
   Photoionization of Ca+ 2D level by Ly-alpha reached   89.4% of the total rate out.
   Line absorption heating reached 5.63% of the global heating.
   G-bar cooling lines reached 1.86% of the local cooling.  Line=Ne 6  561A
   Line absorption heating reached 7.29% of the local heating.
   Induced recombination was 100.0% of the total for H level 68
   Stimulated emission was 100.0% of the total for H transition 69 - 68
   Compton heating was  71.8% of the total.
   The continuum optical depth at the lowest energy considered (1.004e-08 Ryd) was 1.307e+07.
   The optical depth to electron scattering is 0.078

                       *********************************> Cloudy 13.03 <**********************************
                       * c                                                                               *
                       * phi(h) 22.000000 LOG range -0.000232 6.866524                                   *
                       * grid from 8 to 23 in 1 dex steps                                                *
                       * HDEN=7.000000 LOG                                                               *
                       * grid from 0 to 12 in 1 dex steps                                                *
                       * set pres ionize 1e5                                                             *
                       * c                                                                               *
                       * c                                                                               *
                       * table star "inst_padova_agbtrack_z.mod" age 6.78                                *
                       * c                                                                               *
                       * c                                                                               *
                       * abundances GASS10                                                               *
                       * c                                                                               *
                       * c                                                                               *
                       * iterate to convergence max = 7                                                  *
                       * stop column density = 23                                                        *
                       * c                                                                               *
                       * c                                                                               *
                       * print last                                                                      *
                       * set save prefix "padova_inst_6"                                                 *
                       * save grid ".grd" last no hash                                                   *
                       * save linelist "emissionlines_abs.txt" "LineList_HII.dat" absolute last no hash    *
                       *********************************> Log(U):  4.52 <*********************************
                       >>>>>>>>>> Cautions are present.

                     Emission Line Spectrum.   Constant  Density Model.    Open geometry.  Iteration 3 of 3.
                                                     Intensity (erg/s/cm^2).


                                                   Intrinsic line intensities
 general properties..........      Ca A 229.2A   3.653   0.0784      Fe 8 187.2A   6.689  85.2793      Mg 5 95.93A   4.889   1.3518            
 TOTL  4861A   4.758   1.0000      Ca A 229.0A   3.587   0.0674      Fe 8 184.6A   1.992   0.0017      Mg 5 136.9A   6.190  27.0273            
 TOTL  1216A   7.291 341.0017      Ca A 228.9A   3.530   0.0591      Fe 8 185.2A   6.844 121.8553      Mg 5 97.54A   4.768   1.0220            
 Inci     0   13.055*********      Ca A 228.7A   3.479   0.0526      Fe 8 168.9A   5.873  13.0148      Mg 5 145.4A   6.294  34.3527            
 TotH     0    8.2463076.0305      Ca A 228.6A   3.435   0.0475      Fe 8 168.0A   5.872  12.9899      Mg 5 111.2A   5.604   7.0064            
 TotC     0    8.2463075.5181      Ca A 228.6A   3.396   0.0434      Fe 8 168.5A   5.993  17.1627      Mg 5 131.6A   5.829  11.7659            
 BFH1     0    4.899   1.3814      Ca A 228.5A   3.359   0.0398      Fe 8 575.6A   6.170  25.7974      Mg 5 98.37A   4.669   0.8134            
 Line     0    6.997 173.2879      Ca A 228.4A   3.323   0.0367      Fe 8 167.7A   6.690  85.4165      Mg 5 98.78A   4.872   1.2982            
 BFHe     0    5.955  15.7194      Ca A 228.4A   3.287   0.0338      Fe 8 168.2A   6.753  98.7551      Mg 5 92.67A   4.802   1.1055            
 TotM     0    5.511   5.6569      Ca A 228.3A   3.251   0.0311      Fe 8 167.5A   6.754  99.0508      Mg 5 92.57A   4.707   0.8887            
 ComH     0    8.1032209.5884      Ca A 228.3A   3.215   0.0286      Fe 8 168.0A   6.748  97.5956      Mg 5 94.40A   4.657   0.7920            
 ComC     0    7.608 707.0544      Ca A 228.3A   3.179   0.0263      Fe 8 569.4A   3.999   0.1740      Mg 5 98.37A   4.753   0.9879            
 H FB     0    5.854  12.4577      Ca A  1640A   5.001   1.7486      Fe 8 449.5A   3.904   0.1398      Mg 5 96.05A   4.614   0.7164            
 HFBc     0    5.762  10.0768      Ca A  1215A   4.578   0.6595      Fe 8 514.5A   3.934   0.1499      Mg 5 100.2A   5.068   2.0412            
 Hind     0    4.906   1.4036      Ca A  1085A   4.262   0.3192      Fe 8 688.7A   4.315   0.3602      Mg 5 92.58A   4.688   0.8512            
 V  7     0    1.927   0.0015      Ca A  1025A   4.012   0.1794      Fe 8 697.2A   5.906  14.0366      Mg 5 91.47A   4.592   0.6819            
 S  6     0    2.661   0.0080      Ca A 992.4A   3.804   0.1112      Fe 8 723.8A   5.109   2.2415      Mg 5 109.8A   5.279   3.3172            
 Ar 8     0    5.838  12.0117      Ca A 972.2A   3.626   0.0738      Fe 8 752.5A   4.446   0.4869      Mg 5 92.79A   4.540   0.6043            
 Ar 7     0    4.191   0.2706      Ca A 958.8A   3.470   0.0515      Fe 8 848.8A   4.034   0.1886      Mg 5 90.71A   4.563   0.6378            
 Ca 8     0    5.429   4.6794      Ca A 949.4A   3.331   0.0374      Fe 8  1619A   2.837   0.0120      Mg 5 101.0A   4.976   1.6495            
 Ca 7     0    3.389   0.0427      Ca A 942.6A   3.206   0.0280      Fe 8  1708A   2.079   0.0021      Mg 5 99.61A   4.759   1.0024            
 Cr 7     0    2.843   0.0122      Ca A 937.5A   3.094   0.0217      Fe 8 448.5A   2.656   0.0079      Mg 5 90.87A   4.270   0.3247            
 Mn 8     0    2.265   0.0032      Ca A 933.5A   2.994   0.0172      Fe 8 455.3A   3.960   0.1592      Mg 5 94.91A   4.463   0.5064            
 Fe 8     0    4.211   0.2835      Ca A 930.4A   2.905   0.0140      Fe 8 484.2A   3.935   0.1502      Mg 5 91.54A   4.514   0.5690            
 Fe 7     0    3.441   0.0482      Ca A 927.9A   2.825   0.0117      Fe 8 513.3A   2.684   0.0084      Mg 5 95.64A   4.427   0.4666            
 continua....................      Ca A 925.9A   2.753   0.0099      Fe 8 686.4A   5.158   2.5091      Mg 5 91.79A   4.503   0.5557            
 Bac   3646A   5.142   2.4195      Ca A 924.2A   2.687   0.0085      Fe 8 721.3A   5.952  15.6204      Mg 5 93.33A   4.458   0.5010            
 nFnu  3645A   5.673   8.2183      Ca A 922.8A   2.627   0.0074      Fe 8 845.4A   2.761   0.0101      Mg 5 92.40A   4.474   0.5191            
 nFnu  3647A   5.522   5.7988      Ca A 921.6A   2.572   0.0065      Fe 8 889.3A   4.022   0.1834      Mg 5 91.93A   4.458   0.5011            
 cout  3646A   4.833   1.1863      Ca A 920.6A   2.521   0.0058      Fe 8  1694A   2.933   0.0149      Mg 5 91.02A   4.465   0.5091            
 cref  3646A   4.849   1.2332      Ca A 919.8A   2.472   0.0052      Fe 8 130.9A   5.261   3.1847      Mg 5 92.39A   3.925   0.1468            
 thin  3646A   5.150   2.4664      Ca A 919.0A   2.426   0.0047      Fe 8 131.3A   5.022   1.8341      Al 4 128.2A   3.930   0.1485            
 Inci  4860A  12.273*********      Ca A 918.4A   2.382   0.0042      Fe 8 909.2A   5.886  13.4216      Al 4 115.4A   3.405   0.0443            
 Inci  1215A  12.881*********      Ca A 917.8A   2.340   0.0038      Fe 8 913.2A   4.731   0.9399      Al 4 157.2A   4.037   0.1899            
 Ba C     0    5.062   2.0113      Ca A  4686A   4.162   0.2535      Fe 8 131.2A   5.234   2.9906      Al 4 110.3A   2.975   0.0164            
 PA C     0    4.553   0.6231      Ca A  3203A   3.865   0.1279      Fe 8 912.4A   5.887  13.4530      Al 4 107.8A   2.765   0.0102            
 FIR  83.00m  10.508561399.12      Ca A  2733A   3.617   0.0722      Fe 8  3297A   2.792   0.0108      Al 4 106.3A   2.525   0.0058            
 TIR   1800m   8.2583158.8135      Ca A  2511A   3.408   0.0447      Fe 8  1125A   6.000  17.4480      Al 4 122.8A   2.428   0.0047            
 NIRa 2.850m  11.819*********      Ca A  2386A   3.229   0.0295      Fe 8  1006A   4.605   0.7026      Al 4 105.3A   2.228   0.0029            
 NIRb 3.000m  11.5355978800.5      Ca A  2306A   3.071   0.0205      Fe 8 586.4A   5.759  10.0032      Al 4 104.7A   2.005   0.0018            
 MIRa 15.00m  10.151246965.06      Ca A  2253A   2.930   0.0148      Fe 7  5721A   2.685   0.0085      Al 4 104.2A   1.792   0.0011            
 MIRb 22.50m  10.300347928.69      Ca A  2215A   2.802   0.0111      Fe 7  6087A   2.868   0.0129      Al 4 113.4A   2.030   0.0019            
 NMIR 21.75m  11.819*********      Ca A  2187A   2.685   0.0085      Fe 7  5159A   1.874   0.0013      Al 5 108.1A   5.797  10.9292            
 TFIR 611.2m  10.003175698.70      Ca A  2165A   2.579   0.0066      Fe 7  4942A   2.039   0.0019      Al 5 104.2A   5.442   4.8256            
 TALL 10000A  13.022*********      Ca A  2149A   2.483   0.0053      Fe 7  5276A   2.034   0.0019      Al 5 104.0A   5.316   3.6127            
 F12  12.00m   9.60369894.086      Ca A  2135A   2.394   0.0043      Fe 7  3586A   2.814   0.0114      Al 5 94.03A   4.732   0.9402            
 F25  25.00m   9.65578757.094      Ca A  2125A   2.312   0.0036      Fe 7  3759A   2.959   0.0159      Al 5 130.6A   5.617   7.2232            
 F60  60.00m  10.107223221.89      Ca A  2116A   2.237   0.0030      Fe 7  2015A   2.475   0.0052      Al 5 104.3A   5.294   3.4328            
 F100 100.0m   9.920145107.30      Ca A  2109A   2.168   0.0026      Fe 7  2143A   1.859   0.0013      Al 5 108.0A   5.326   3.6988            
 MIPS 24.00m   9.34138203.859      Ca A  2102A   2.104   0.0022      level 1 lines...............      Al 5 281.1A   6.840 120.6741            
 MIPS 70.00m   9.75098040.422      Ca A  2097A   2.044   0.0019      C  3 977.0A   3.816   0.1143      Al 5 125.4A   5.427   4.6627            
 MIPS 160.0m   9.52658532.438      Ca A  2093A   1.989   0.0017      C  3  1176A   3.090   0.0215      Al 5 99.39A   4.774   1.0366            
 IRAC 3.600m  10.002175247.66      Ca A  2089A   1.937   0.0015      TOTL  1549A   8.91414311.054      Al 5 94.06A   3.663   0.0803            
 IRAC 4.500m   9.71289933.008      Ca A  2086A   1.888   0.0013      C  4  1551A   8.5426077.1016      Al 5 90.91A   4.584   0.6689            
 IRAC 5.800m   9.51356825.734      Ca A  2083A   1.842   0.0012      C  4  1548A   8.6748233.9521      Al 5 90.87A   4.283   0.3350            
 IRAC 8.000m   9.47051447.719      Ca A 1.012m   3.533   0.0595      C4 r  1549A   3.803   0.1109      Al 5 90.85A   4.592   0.6816            
 SPR1 250.0m   9.10622246.617      Ca A  6560A   3.308   0.0355      C  4 312.0A   6.243  30.5223      Al 5 99.55A   4.696   0.8658            
 SPR2 350.0m   8.6728196.4990      Ca A  5412A   3.104   0.0222      N  4 765.0A   4.483   0.5298      Al 5 91.03A   4.507   0.5600            
 SPR3 500.0m   8.2883387.9854      Ca A  4860A   2.925   0.0147      TOTL  1240A   9.26131847.527      Al 5 118.3A   5.242   3.0474            
 PAC1 70.00m   9.812113148.87      Ca A  4542A   2.767   0.0102      N  5  1243A   8.91214246.565      Al 5 95.99A   4.377   0.4158            
 PAC2 100.0m   9.925146785.50      Ca A  4339A   2.626   0.0074      N  5  1239A   9.00417600.963      Al 5 91.88A   4.425   0.4636            
 PAC3 160.0m   9.783105802.19      Ca A  4200A   2.497   0.0055      N  5 209.0A   5.479   5.2538      Si 4 461.8A   3.933   0.1494            
 PAH  3.300m   9.21928870.613      Ca A  4100A   2.379   0.0042      TOTL  1402A   1.856   0.0013      Si 4 364.6A   3.467   0.0511            
 PAHC 3.230m   8.95715805.570      Ca A  4026A   2.270   0.0032      O  4 789.0A   5.690   8.5369      Si 4 329.8A   3.119   0.0229            
 PAHC 3.370m   8.88113264.813      Ca A  3969A   2.170   0.0026      rec  789.0A   2.116   0.0023      Si 4 312.7A   3.139   0.0240            
 PAH  6.200m   8.96816199.310      Ca A  3924A   2.077   0.0021      O  5 630.0A   7.9081412.4901      Si 4 302.9A   2.596   0.0069            
 PAHC 5.650m   9.06620301.803      Ca A  3888A   1.990   0.0017      rec  630.0A   4.492   0.5413      Si 4 296.6A   2.419   0.0046            
 PAH  7.900m   9.00217528.971      Ca A  3858A   1.910   0.0014      TOTL  1218A   6.717  90.9363      Si 4 292.4A   2.273   0.0033            
 PAHC 6.900m   9.14224180.959      Ca A  3834A   1.836   0.0012      O  5  1218A   6.717  90.9147      Si 5 95.55A   5.916  14.3891            
 PAH  11.30m   8.3884259.4697      Ca A  3814A   1.767   0.0010      O  5  1211A   3.093   0.0216      Si 5 116.3A   6.113  22.6378            
 PAHC 10.90m   8.3984356.3477      Ca A 1.864m   3.024   0.0184      O  5  5112A   2.513   0.0057      S  5 285.8A   2.106   0.0022            
 PAH  11.80m   8.6167199.1729      Ca A 1.163m   2.847   0.0123      TOTL  1035A  10.500551885.81      S  6 172.5A   3.886   0.1341            
 PAHC 12.65m   8.6006947.1997      Ca A  9345A   2.675   0.0082      O  6  1032A  10.252311842.84      S  6 162.6A   3.363   0.0403            
 PAH  13.30m   8.6457695.4053      Ca A  8237A   2.519   0.0058      O  6  1038A  10.139240042.94      S  6 156.8A   3.549   0.0618            
 PAHC 14.10m   8.6297419.7446      Ca A  7593A   2.378   0.0042      O  6 150.0A   7.277 330.0194      S  6 153.2A   3.384   0.0422            
 Bcon  3640A  12.924*********      Ca A  7178A   2.249   0.0031      Ne 5  3426A   3.201   0.0277      S  6 150.8A   3.211   0.0283            
 Pcon  5000A  12.122*********      Ca A  6891A   2.131   0.0024      Ne 5  3346A   2.764   0.0101      Ar 5 441.9A   2.025   0.0018            
 HFFh     0    7.583 668.1646      Ca A  6684A   2.021   0.0018      Ne 5  2976A   2.070   0.0020      Ar 5 513.1A   2.158   0.0025            
 H FF     0    5.788  10.6945      Ca A  6527A   1.919   0.0014      Ne 5  1575A   2.545   0.0061      Ar 5 713.7A   2.013   0.0018            
 FF H     0    7.592 682.4609      Ca A  6407A   1.824   0.0012      Ne 5  1141A   3.090   0.0214      Ar 5 847.9A   2.143   0.0024            
 HeFF     0    5.288   3.3839      Ca A 3.091m   2.595   0.0069      Ne 6 7.652m   4.404   0.4426      Ar 6 457.7A   5.730   9.3743            
 MeFB     0    4.630   0.7438      Ca A 1.874m   2.452   0.0049      Na 5  1365A   4.466   0.5105      Ar 6 544.6A   6.355  39.4716            
 MeFF     0    4.097   0.2179      Ca A 1.476m   2.304   0.0035      Na 5  2067A   3.670   0.0815      Ar 6 587.8A   5.852  12.4045            
 ToFF     0    5.914  14.2963      Ca A 1.281m   2.166   0.0026      Na 5  4017A   3.844   0.1218      Ar 6 292.4A   4.501   0.5532            
 nFnu  9993m   2.195   0.0027      Ca A 1.167m   2.039   0.0019      Mg 5 13.52m   3.123   0.0232      Ar 6 776.7A   6.209  28.2027            
 nInu  9993m   2.201   0.0028      Ca A 1.093m   1.921   0.0015      Mg 5 5.610m   4.708   0.8896      Ar 6 221.1A   3.747   0.0974            
 nFnu  6917m   3.002   0.0175      Ca A 1.042m   1.811   0.0011      Mg 5  2855A   6.092  21.5539      Ar 6 180.9A   2.999   0.0174            
 nInu  6917m   3.474   0.0520      Ca A 4.762m   2.225   0.0029      Mg 5  2417A   4.689   0.8519      Ar 6 193.6A   2.482   0.0053            
 nFnu 122.4m   9.24330535.713      Ca A 2.825m   2.107   0.0022      Mg 5  1325A   5.577   6.5847      Ar 6 202.0A   3.444   0.0485            
 nInu 122.4m  10.369407717.69      Ca A 2.189m   1.977   0.0017      Al 5 2.905m   4.600   0.6951      Ar 6 154.5A   3.069   0.0204            
 nFnu 60.83m   9.19727470.980      Ca A 1.876m   1.854   0.0012      Si 3  1207A   3.195   0.0273      Ar 6 198.8A   3.324   0.0368            
 nInu 60.83m  10.322366059.16      Ca A 6.946m   1.900   0.0014      TOTL  1397A   8.1262330.7354      Ar 6 196.9A   2.981   0.0167            
 nFnu 41.22m   9.08621259.439      Ca A 4.050m   1.800   0.0011      Si 4  1403A   7.662 800.2999      Ar 6 154.8A   2.822   0.0116            
 nInu 41.22m  10.210283177.47      Ca B  1640A   5.213   2.8484      Si 4  1394A   7.9431530.4355      Ar 6 162.8A   2.353   0.0039            
 nFnu 30.87m   8.98916995.770      Ca B  1215A   4.773   1.0352      TOTL  1198A   2.268   0.0032      Ar 6 198.3A   3.059   0.0200            
 nInu 30.87m  10.113226350.02      Ca B  1085A   4.450   0.4914      S  5  1198A   2.268   0.0032      Ar 6 189.7A   2.836   0.0120            
 nFnu 24.78m   8.91414302.698      Ca B  1025A   4.195   0.2730      S  5 786.5A   5.082   2.1066      Ar 6 178.3A   2.754   0.0099            
 nInu 24.78m  10.038190469.39      Ca B 992.4A   3.984   0.1681      recombination...............      Ar 6 154.3A   2.710   0.0089            
 nFnu 24.30m   8.90714080.140      Ca B 972.2A   3.805   0.1113      C  4  7726A   1.844   0.0012      Ar 6 140.5A   2.361   0.0040            
 nInu 24.30m  10.031187504.44      Ca B 958.8A   3.650   0.0778      C  4  4659A   2.218   0.0029      Ar 6 149.9A   2.414   0.0045            
 nFnu 22.83m   8.88713432.915      Ca B 949.4A   3.513   0.0569      C  4  2529A   2.701   0.0088      Ar 6 144.7A   2.225   0.0029            
 nInu 22.83m  10.011178882.83      Ca B 942.6A   3.393   0.0431      N  5  4945A   1.786   0.0011      Ar 6 162.9A   2.113   0.0023            
 nFnu 21.42m   8.86412765.233      Ca B 937.5A   3.285   0.0336      N  5  2981A   2.160   0.0025      Ar 6 160.0A   2.336   0.0038            
 nInu 21.42m   9.989169988.88      Ca B 933.5A   3.188   0.0269      N  5  1620A   2.630   0.0074      Ar 6 133.2A   1.975   0.0016            
 nFnu 21.12m   8.85912615.980      Ca B 930.4A   3.099   0.0219      O  5  7611A   2.038   0.0019      Ar 6 153.5A   2.292   0.0034            
 nInu 21.12m   9.984168000.84      Ca B 927.9A   3.017   0.0182      O  5  7592A   1.782   0.0011      Ar 6 179.1A   2.226   0.0029            
 nFnu 19.62m   8.83912026.671      Ca B 925.9A   2.941   0.0152      O  5  2993A   2.910   0.0142      Ar 6 158.7A   2.204   0.0028            
 nInu 19.62m   9.963160150.94      Ca B 924.2A   2.871   0.0129      O  5  4930A   2.665   0.0081      Ar 6 142.8A   1.997   0.0017            
 nFnu 17.65m   8.82111540.253      Ca B 922.8A   2.804   0.0111      O  5  1845A   2.502   0.0055      Ar 6 152.3A   2.132   0.0024            
 nInu 17.65m   9.945153670.78      Ca B 921.6A   2.741   0.0096      O  5  2942A   3.206   0.0280      Ar 6 176.8A   2.185   0.0027            
 nFnu 17.37m   8.81811475.492      Ca B 920.6A   2.682   0.0084      O  5  1644A   3.445   0.0486      Ar 6 200.2A   1.919   0.0014            
 nInu 17.37m   9.943152808.05      Ca B 919.8A   2.625   0.0074      O  5  1708A   2.575   0.0066      Ar 7 177.0A   5.742   9.6239            
 nFnu 15.69m   8.80211052.746      Ca B 919.0A   2.571   0.0065      O  5  6488A   2.641   0.0076      Ar 7 135.9A   5.403   4.4161            
 nInu 15.69m   9.926147176.50      Ca B 918.4A   2.520   0.0058      O  5  4961A   1.834   0.0012      Ar 7 121.8A   4.990   1.7034            
 nFnu 14.60m   8.79010766.095      Ca B 917.8A   2.470   0.0052      O  5  4953A   1.800   0.0011      Ar 7 114.8A   4.774   1.0354            
 nInu 14.60m   9.915143358.14      Ca B  4686A   4.231   0.2971      O  5  4952A   2.004   0.0018      Ar 7 110.9A   4.683   0.8409            
 nFnu 12.43m   8.76410119.545      Ca B  3203A   3.940   0.1520      O  5  3031A   1.986   0.0017      Ar 7 106.7A   4.487   0.5354            
 nInu 12.43m   9.888134746.27      Ca B  2733A   3.694   0.0862      O  5  3024A   2.226   0.0029      Ar 7 108.3A   4.437   0.4776            
 nFnu 11.40m   8.7509801.7129      Ca B  2511A   3.487   0.0535      O  5  3017A   1.801   0.0011      Ar 7 108.8A   4.292   0.3418            
 nInu 11.40m   9.874130513.01      Ca B  2386A   3.309   0.0355      O  5  3005A   2.053   0.0020      Ar 7 116.9A   3.872   0.1299            
 nFnu 10.46m   8.7369493.8955      Ca B  2306A   3.153   0.0248      O  5  3004A   2.530   0.0059      Ar 7 151.3A   4.483   0.5299            
 nInu 10.46m   9.860126413.16      Ca B  2253A   3.015   0.0181      O  5  2975A   2.471   0.0052      Ar 7 128.2A   3.787   0.1068            
 nFnu 9.480m   8.7409579.6934      Ca B  2215A   2.892   0.0136      O  5  2784A   2.306   0.0035      Ar 8 107.4A   5.043   1.9238            
 nInu 9.480m   9.864127554.54      Ca B  2187A   2.782   0.0105      O  5  2696A   2.236   0.0030      Ar 8 100.8A   4.799   1.0991            
 nFnu 9.325m   8.7439662.3457      Ca B  2165A   2.682   0.0084      O  5  1661A   2.831   0.0118      Ar 8 97.00A   2.227   0.0029            
 nInu 9.325m   9.868128654.98      Ca B  2149A   2.591   0.0068      O  5  1629A   2.764   0.0101      Ar 8 94.61A   4.269   0.3241            
 nFnu 8.210m   8.78910731.862      Ca B  2135A   2.508   0.0056      O  5  1524A   2.591   0.0068      Ar 8 93.00A   4.277   0.3304            
 nInu 8.210m   9.913142895.22      Ca B  2125A   2.432   0.0047      O  5  1371A   3.943   0.1530      Ca 6 330.4A   5.659   7.9549            
 nFnu 7.580m   8.82911776.867      Ca B  2116A   2.361   0.0040      O  5  1086A   3.497   0.0548      Ca 6 227.3A   3.821   0.1154            
 nInu 7.580m   9.954156809.33      Ca B  2109A   2.294   0.0034      O  5  1072A   2.670   0.0082      Ca 6 652.3A   5.735   9.4647            
 nFnu 7.050m   8.87212983.247      Ca B  2102A   2.231   0.0030      O  5  1068A   3.158   0.0251      Ca 6 175.3A   3.432   0.0472            
 nInu 7.050m   9.996172872.41      Ca B  2097A   2.172   0.0026      O  5  1055A   2.790   0.0107      Ca 6 145.6A   2.929   0.0148            
 nFnu 4.114m   9.39343142.141      Ca B  2093A   2.115   0.0023      O  5  1041A   2.858   0.0126      Ca 6 158.7A   3.178   0.0263            
 nInu 4.114m  10.518574449.88      Ca B  2089A   2.061   0.0020      O  5  1037A   2.927   0.0147      Ca 6 135.1A   2.808   0.0112            
 nFnu 2.324m   9.993171563.28      Ca B  2086A   2.009   0.0018      O  5  1032A   2.742   0.0096      Ca 6 161.6A   2.708   0.0089            
 nInu 2.324m  11.1172284438.8      Ca B  2083A   1.959   0.0016      O  5  1032A   2.675   0.0083      Ca 6 130.2A   2.238   0.0030            
 nFnu 1.643m  10.394431753.09      Ca B 1.012m   3.574   0.0654      O  5  1020A   2.951   0.0156      Ca 6 124.3A   1.961   0.0016            
 nInu 1.643m  11.5185748997.0      Ca B  6560A   3.352   0.0392      O  5 943.7A   2.681   0.0084      Ca 6 139.7A   2.200   0.0028            
 nFnu 1.480m  10.458500719.38      Ca B  5412A   3.150   0.0246      O  5 774.5A   3.554   0.0625      Ca 6 128.2A   1.910   0.0014            
 nInu 1.480m  11.5826667317.5      Ca B  4860A   2.973   0.0164      O  5 760.4A   4.093   0.2159      Ca 6 122.1A   1.784   0.0011            
 nFnu 1.436m  10.482529766.50      Ca B  4542A   2.818   0.0115      O  5 681.3A   3.721   0.0917      Ca 6 146.4A   2.067   0.0020            
 nInu 1.436m  11.6077054094.5      Ca B  4339A   2.679   0.0083      O  5 202.3A   4.064   0.2020      Ca 6 139.2A   1.922   0.0015            
 nFnu 1.119m  10.650778495.19      Ca B  4200A   2.554   0.0062      O  5 192.9A   4.583   0.6670      Ca 6 133.4A   1.800   0.0011            
 nInu 1.119m  11.774*********      Ca B  4100A   2.440   0.0048      O  5 168.0A   4.453   0.4950      Ca 6 165.7A   1.872   0.0013            
 nFnu  8330A  10.8061116509.5      Ca B  4026A   2.337   0.0038      O  5 141.3A   4.495   0.5457      Ca 6 144.2A   1.868   0.0013            
 nInu  8330A  11.931*********      Ca B  3969A   2.243   0.0031      level2 lines................      Ca 6 150.4A   1.931   0.0015            
 nFnu  8079A  10.8321184796.8      Ca B  3924A   2.158   0.0025      B  3  2069A   2.239   0.0030      Ca 7 338.0A   6.872 129.9525            
 nInu  8079A  11.956*********      Ca B  3888A   2.078   0.0021      C  4 245.3A   5.249   3.0977      Ca 7 203.9A   5.808  11.2022            
 nFnu  6210A  11.0191820481.2      Ca B  3858A   2.005   0.0018      C  4 223.1A   4.612   0.7135      Ca 7 129.1A   5.104   2.2182            
 nInu  6210A  12.143*********      Ca B  3834A   1.936   0.0015      C  4 212.8A   4.148   0.2450      Ca 7 158.4A   5.616   7.2109            
